(3899, 2)
rkt (3898, 2)
rkt:  [[  8.36880548   7.6355917 ]
 [  7.21265681   6.54639486]
 [  5.99323757   5.18567836]
 ..., 
 [ 71.9234182   72.66917467]
 [ 70.59270345  71.35258712]
 [ 73.1447985   73.89257105]]
lr1:  [  3.31241058e+02   8.90365194e-02]
lr2:  [  3.31152021e+02   8.90365194e-02]
r0t:  [[-2.13631084 -2.13523966]
 [ 2.13130565  1.9199035 ]
 [-2.31098114 -1.24951577]
 ..., 
 [ 2.94857621  3.01613829]
 [-0.01827568 -0.111935  ]
 [ 3.23624465  3.25402385]]
eig:  [  8.14457763e-02   2.28413295e-05]
ind:  [0 1]
cvt:  [[ 13.4294  15.4943  19.9349]
 [  2.7055   3.8415   6.6349]]
cvm:  [[ 12.2971  14.2639  18.52  ]
 [  2.7055   3.8415   6.6349]]
meth:  johansen
evec:  [[ 3.55309653 -0.02053808]
 [-3.51265509  0.05123493]]
